1 Rabbit1 58 22.89 -1
2 Rabbit2 37 14.91 -1
3 Rabbit3 36 24.37 -1
4 Rabbit4 43 12.22 -1
5 Rabbit5 37 28.97 -1
6 Rabbit6 39 28.29 -1
7 Rabbit7 42 23.74 -1
8 Rabbit8 38 29.69 -1
9 Rabbit9 49 19.21 -1
10 Rabbit10 32 29.03 -1
11 Rabbit11 4 88.22 1
12 Rabbit12 2 26.22 1
13 Rabbit13 3 27.7 1
14 Rabbit14 4 10.45 1
15 Rabbit15 4 83.1 1
16 Rabbit16 4 44.84 1
17 Rabbit17 3 77.48 1
18 Rabbit18 2 61.51 1
19 Rabbit19 3 45.32 1
20 Rabbit20 3 61.16 1
21 Rabbit21 2 81.56 1
22 Rabbit22 3 64.68 1
23 Rabbit23 1 5.6 1
24 Rabbit24 3 54.73 1
25 Rabbit25 2 17.4 1
26 Rabbit26 2 21.17 1
27 Rabbit27 1 37.25 1
28 Rabbit28 1 23.35 1
29 Rabbit29 2 76.43 1
30 Rabbit30 2 59.02 1
31 Rabbit31 2 94.8 1
32 Rabbit32 2 5.28 2
33 Rabbit33 3 8.88 2
34 Rabbit34 4 73.87 2
35 Rabbit35 3 92.64 2
36 Rabbit36 2 14.27 2
37 Rabbit37 3 29.03 2
38 Rabbit38 2 49.32 2
39 Rabbit39 3 34.97 2
40 Rabbit40 4 81.36 2
41 Rabbit41 3 17.78 2
42 Rabbit42 1 56.66 2
43 Rabbit43 2 29.74 2
44 Rabbit44 3 22.57 2
45 Rabbit45 3 59.13 2
46 Rabbit46 4 34.32 2
47 Rabbit47 4 47.04 2
48 Rabbit48 4 84.07 3
49 Rabbit49 2 91.71 3
50 Rabbit50 1 67.94 3
51 Rabbit51 4 23.08 3
52 Rabbit52 1 64.57 3
53 Rabbit53 2 38.38 3
54 Rabbit54 1 95.62 3
55 Rabbit55 1 64.42 3
56 Rabbit56 1 74.49 3
57 Rabbit57 2 90.9 3
58 Rabbit58 3 14.3 3
59 Rabbit59 2 57.24 3
60 Rabbit60 4 22.53 3
61 Rabbit61 2 74.46 3
62 Rabbit62 1 14.9 3
63 Rabbit63 4 78.31 3
64 Rabbit64 3 87.87 3
65 Rabbit65 1 42.49 3
66 Rabbit66 3 39.12 3
67 Rabbit67 2 38.3 3
68 Rabbit68 1 43.39 3
69 Rabbit69 3 1.1 3
70 Rabbit70 4 76.56 3
71 Rabbit71 1 85.66 3
72 Rabbit72 4 18.4 3
73 Rabbit73 4 80.05 3
74 Rabbit74 3 2.31 3
75 Rabbit75 1 95.13 3
76 Rabbit76 2 67.04 3
77 Rabbit77 4 97.2 4
78 Rabbit78 2 12.16 4
79 Rabbit79 2 55.37 4
80 Rabbit80 4 91.41 4
81 Rabbit81 3 10.8 4
82 Rabbit82 4 69.23 4
83 Rabbit83 1 81.74 4
84 Rabbit84 2 26.52 4
85 Rabbit85 3 28.19 4
86 Rabbit86 2 11.04 4
87 Rabbit87 1 45.37 4
88 Rabbit88 2 28.62 4
89 Rabbit89 1 98.95 4
90 Rabbit90 1 19.69 4
91 Rabbit91 3 45.0 4
92 Rabbit92 1 17.97 4
93 Rabbit93 1 51.92 4
94 Rabbit94 4 17.46 4
95 Rabbit95 3 84.09 4
96 Rabbit96 2 22.68 4
97 Rabbit97 1 94.37 5
98 Rabbit98 1 62.49 5
99 Rabbit99 1 81.87 5
100 Rabbit100 4 26.47 5
101 Rabbit101 2 23.75 5
102 Rabbit102 4 51.75 5
103 Rabbit103 3 46.31 5
104 Rabbit104 3 63.48 5
105 Rabbit105 3 25.01 5
106 Rabbit106 2 20.99 5
107 Rabbit107 1 14.68 5
108 Rabbit108 3 33.31 5
109 Rabbit109 2 32.45 5
110 Rabbit110 4 89.22 5
111 Rabbit111 3 99.29 5
112 Rabbit112 3 18.53 5
113 Rabbit113 3 1.65 5
114 Rabbit114 1 26.34 5
115 Rabbit115 3 58.86 5
116 Rabbit116 1 1.47 5
117 Rabbit117 1 46.6 6
118 Rabbit118 3 31.66 6
119 Rabbit119 2 8.64 6
120 Rabbit120 3 57.56 6
121 Rabbit121 2 53.69 6
122 Rabbit122 1 49.97 6
123 Rabbit123 1 47.3 6
124 Rabbit124 2 13.78 6
125 Rabbit125 1 97.2 6
126 Rabbit126 4 65.94 6
127 Rabbit127 3 2.18 6
128 Rabbit128 3 54.94 6
129 Rabbit129 2 48.87 6
130 Rabbit130 4 82.62 6
131 Rabbit131 2 84.82 6
132 Rabbit132 2 62.76 6
133 Rabbit133 1 70.58 6
134 Rabbit134 4 31.75 6
135 Rabbit135 2 67.45 7
136 Rabbit136 4 73.07 7
137 Rabbit137 4 98.1 7
138 Rabbit138 2 39.96 7
139 Rabbit139 4 99.07 7
140 Rabbit140 3 71.73 7
141 Rabbit141 3 12.75 7
142 Rabbit142 1 42.91 7
143 Rabbit143 2 54.59 7
144 Rabbit144 1 2.27 7
145 Rabbit145 3 58.01 7
146 Rabbit146 1 62.01 7
147 Rabbit147 1 53.79 7
148 Rabbit148 1 18.94 7
149 Rabbit149 2 37.15 7
150 Rabbit150 1 95.01 7
151 Rabbit151 3 60.23 7
152 Rabbit152 2 60.52 7
153 Rabbit153 3 92.45 7
154 Rabbit154 3 32.24 7
155 Rabbit155 1 43.34 7
156 Rabbit156 1 48.59 7
157 Rabbit157 2 49.85 7
158 Rabbit158 4 79.34 7
159 Rabbit159 4 70.42 8
160 Rabbit160 4 45.74 8
161 Rabbit161 1 8.09 8
162 Rabbit162 2 29.29 8
163 Rabbit163 4 58.81 8
164 Rabbit164 2 35.35 8
165 Rabbit165 4 49.11 8
166 Rabbit166 2 13.84 8
167 Rabbit167 1 7.7 8
168 Rabbit168 3 62.9 8
169 Rabbit169 4 80.83 8
170 Rabbit170 1 99.27 8
171 Rabbit171 1 3.62 8
172 Rabbit172 3 3.22 8
173 Rabbit173 3 2.14 8
174 Rabbit174 4 74.75 8
175 Rabbit175 4 96.55 8
176 Rabbit176 3 46.21 8
177 Rabbit177 3 93.31 8
178 Rabbit178 1 52.83 9
179 Rabbit179 4 2.96 9
180 Rabbit180 3 47.08 9
181 Rabbit181 2 70.97 9
182 Rabbit182 4 80.28 9
183 Rabbit183 4 28.78 9
184 Rabbit184 4 69.46 9
185 Rabbit185 2 54.67 9
186 Rabbit186 2 73.6 9
187 Rabbit187 4 64.36 9
188 Rabbit188 4 78.05 9
189 Rabbit189 2 47.14 9
190 Rabbit190 2 85.22 9
191 Rabbit191 2 95.54 9
192 Rabbit192 4 80.14 9
193 Rabbit193 1 36.24 9
194 Rabbit194 3 18.6 9
195 Rabbit195 1 4.81 9
196 Rabbit196 4 34.9 9
197 Rabbit197 3 87.69 9
198 Rabbit198 3 26.72 9
199 Rabbit199 3 79.92 10
200 Rabbit200 2 83.18 10
201 Rabbit201 2 21.39 10
202 Rabbit202 3 46.65 10
203 Rabbit203 1 42.27 10
204 Rabbit204 4 24.62 10
205 Rabbit205 1 30.84 10
206 Rabbit206 1 86.18 10
207 Rabbit207 3 46.09 10
208 Rabbit208 4 35.58 10
209 Rabbit209 4 63.45 10
210 Rabbit210 1 90.47 10
211 Rabbit211 1 40.4 10
212 Rabbit212 4 58.69 10
213 Rabbit213 1 72.88 10
214 Rabbit214 4 3.32 10
215 Rabbit215 2 27.2 10
216 Rabbit216 4 43.89 10
217 Rabbit217 2 61.52 10
218 Rabbit218 3 38.41 10
219 Rabbit219 4 50.82 10
220 Rabbit220 1 18.3 10
221 Rabbit221 4 72.51 10
222 Rabbit222 10 13.27 30
223 Rabbit223 1 27.0 3
224 Rabbit224 15 23.72 11
225 Rabbit225 15 44.89 31
226 Rabbit226 9 24.32 25
227 Rabbit227 1 14.25 11
228 Rabbit228 10 27.01 51
229 Rabbit229 2 39.36 11
230 Rabbit230 7 34.25 23
231 Rabbit231 1 18.8 19
232 Rabbit232 5 28.15 48
233 Rabbit233 5 49.46 13
234 Rabbit234 6 28.12 10
235 Rabbit235 7 31.37 5
236 Rabbit236 14 43.24 12
237 Rabbit237 6 20.29 45
238 Rabbit238 7 43.08 43
239 Rabbit239 7 43.73 44
240 Rabbit240 8 14.76 53
241 Rabbit241 12 32.04 9
242 Rabbit242 12 10.55 60
243 Rabbit243 14 31.48 35
244 Rabbit244 9 44.67 40
245 Rabbit245 13 30.77 52
246 Rabbit246 6 44.01 45
247 Rabbit247 1 26.62 6
248 Rabbit248 4 21.33 52
249 Rabbit249 1 14.41 58
250 Rabbit250 3 33.24 22
251 Rabbit251 5 26.16 13
252 Rabbit252 12 23.44 13
253 Rabbit253 3 22.94 26
254 Rabbit254 1 18.06 29
255 Rabbit255 13 36.91 38
256 Rabbit256 2 47.81 48
257 Rabbit257 13 11.51 29
258 Rabbit258 4 18.1 43
259 Rabbit259 6 36.75 17
260 Rabbit260 13 21.48 52
261 Rabbit261 14 31.12 19
262 Rabbit262 15 26.48 14
263 Rabbit263 1 33.62 31
264 Rabbit264 8 44.41 42
265 Rabbit265 7 14.18 6
266 Rabbit266 11 23.27 59
267 Rabbit267 12 23.21 53
268 Rabbit268 1 18.94 20
269 Rabbit269 1 47.02 12
270 Rabbit270 8 23.14 2
271 Rabbit271 8 25.72 1
272 Rabbit272 15 19.23 65
273 Rabbit273 13 23.83 38
274 Rabbit274 8 29.68 3
275 Rabbit275 4 28.21 64
276 Rabbit276 11 35.37 52
277 Rabbit277 8 12.57 61
278 Rabbit278 8 22.96 63
279 Rabbit279 2 37.98 43
280 Rabbit280 7 44.32 33
281 Rabbit281 3 34.69 63
282 Rabbit282 9 13.76 25
283 Rabbit283 5 25.92 57
284 Rabbit284 14 22.33 56
285 Rabbit285 15 26.48 33
286 Rabbit286 1 22.18 66
287 Rabbit287 14 44.25 45
288 Rabbit288 6 18.05 49
289 Rabbit289 15 27.44 37
290 Rabbit290 14 47.15 12
291 Rabbit291 8 32.8 46
292 Rabbit292 3 38.3 43
293 Rabbit293 10 18.03 33
294 Rabbit294 13 40.16 46
295 Rabbit295 12 38.82 5
296 Rabbit296 3 21.01 18
297 Rabbit297 3 22.97 39
298 Rabbit298 9 39.52 26
299 Rabbit299 13 32.82 31
300 Rabbit300 9 43.62 26
301 Rabbit301 1 45.97 58
302 Rabbit302 15 36.63 55
303 Rabbit303 2 11.66 8
304 Rabbit304 7 45.54 16
305 Rabbit305 4 37.37 70
306 Rabbit306 15 20.75 37
307 Rabbit307 4 20.65 10
308 Rabbit308 15 42.32 33
309 Rabbit309 8 48.11 41
310 Rabbit310 4 32.77 48
311 Rabbit311 10 33.77 26
312 Rabbit312 7 41.59 32
313 Rabbit313 1 17.57 9
314 Rabbit314 8 44.87 50
315 Rabbit315 2 25.12 26
316 Rabbit316 8 29.79 59
317 Rabbit317 8 19.18 76
318 Rabbit318 9 39.24 67
319 Rabbit319 2 35.72 51
320 Rabbit320 3 40.64 34
321 Rabbit321 5 35.95 60
322 Rabbit322 15 18.31 51
323 Rabbit323 3 35.28 51
324 Rabbit324 8 18.24 56
325 Rabbit325 13 25.47 49
326 Rabbit326 12 30.4 3
327 Rabbit327 6 46.97 57
328 Rabbit328 7 38.98 52
329 Rabbit329 9 28.53 2
330 Rabbit330 1 20.78 25
331 Rabbit331 4 10.98 68
332 Rabbit332 1 39.86 83
333 Rabbit333 12 19.01 5
334 Rabbit334 4 27.74 10
335 Rabbit335 10 25.78 75
336 Rabbit336 6 44.33 39
337 Rabbit337 1 21.4 30
338 Rabbit338 2 36.59 69
339 Rabbit339 7 22.99 46
340 Rabbit340 8 38.24 78
341 Rabbit341 4 42.88 2
342 Rabbit342 4 10.68 39
343 Rabbit343 5 39.71 78
344 Rabbit344 8 45.48 82
345 Rabbit345 3 41.07 13
346 Rabbit346 4 18.67 40
347 Rabbit347 13 38.48 81
348 Rabbit348 5 10.04 46
349 Rabbit349 10 26.99 23
350 Rabbit350 15 13.95 15
351 Rabbit351 2 16.55 55
352 Rabbit352 12 38.81 79
353 Rabbit353 12 27.19 63
354 Rabbit354 12 29.31 52
355 Rabbit355 5 13.8 30
356 Rabbit356 14 42.37 38
357 Rabbit357 13 45.54 31
358 Rabbit358 1 28.79 25
359 Rabbit359 3 48.97 35
360 Rabbit360 9 32.24 51
361 Rabbit361 4 37.66 2
362 Rabbit362 7 36.04 87
363 Rabbit363 7 46.75 52
364 Rabbit364 3 24.5 25
365 Rabbit365 10 26.83 51
366 Rabbit366 5 18.06 75
367 Rabbit367 1 21.47 77
368 Rabbit368 2 43.86 50
369 Rabbit369 1 36.66 50
370 Rabbit370 13 25.83 46
371 Rabbit371 12 45.91 53
372 Rabbit372 14 18.21 34
373 Rabbit373 7 24.01 82
374 Rabbit374 5 17.55 90
375 Rabbit375 5 13.49 9
376 Rabbit376 2 34.39 47
377 Rabbit377 7 24.65 17
378 Rabbit378 15 29.26 39
379 Rabbit379 3 44.61 58
380 Rabbit380 8 45.21 43
381 Rabbit381 7 10.4 78
382 Rabbit382 6 39.8 37
383 Rabbit383 4 15.72 20
384 Rabbit384 11 39.01 29
385 Rabbit385 15 29.54 32
386 Rabbit386 13 19.36 94
387 Rabbit387 7 39.55 39
388 Rabbit388 8 27.94 19
389 Rabbit389 6 35.46 17
390 Rabbit390 11 32.25 36
391 Rabbit391 3 23.07 92
392 Rabbit392 10 32.11 69
393 Rabbit393 3 20.52 61
394 Rabbit394 15 17.33 92
395 Rabbit395 5 34.05 36
396 Rabbit396 8 12.96 29
397 Rabbit397 10 48.37 64
398 Rabbit398 4 24.12 85
399 Rabbit399 15 18.19 76
400 Rabbit400 11 43.68 24
401 Rabbit401 13 47.32 52
402 Rabbit402 10 22.83 51
403 Rabbit403 6 43.26 94
404 Rabbit404 7 12.76 89
405 Rabbit405 8 28.0 34
406 Rabbit406 10 25.5 87
407 Rabbit407 7 28.38 16
408 Rabbit408 14 47.93 18
409 Rabbit409 7 43.77 62
410 Rabbit410 5 11.29 81
411 Rabbit411 2 26.96 6
412 Rabbit412 11 38.75 72
413 Rabbit413 10 32.53 74
414 Rabbit414 1 19.51 37
415 Rabbit415 14 11.37 20
416 Rabbit416 14 11.28 52
417 Rabbit417 11 37.21 1
418 Rabbit418 9 49.36 53
419 Rabbit419 14 21.29 101
420 Rabbit420 10 15.29 99
421 Rabbit421 13 46.23 74
422 Rabbit422 4 11.19 62
423 Rabbit423 11 26.05 61
424 Rabbit424 3 21.54 6
425 Rabbit425 3 33.95 106
426 Rabbit426 8 45.89 96
427 Rabbit427 15 37.98 44
428 Rabbit428 9 37.8 27
429 Rabbit429 11 39.99 30
430 Rabbit430 13 43.55 64
431 Rabbit431 12 19.14 84
432 Rabbit432 4 14.48 15
433 Rabbit433 4 14.13 75
434 Rabbit434 3 19.95 10
435 Rabbit435 14 27.91 96
436 Rabbit436 13 47.53 63
437 Rabbit437 4 34.27 24
438 Rabbit438 11 44.15 63
439 Rabbit439 10 29.48 75
440 Rabbit440 9 30.46 10
441 Rabbit441 10 31.52 71
442 Rabbit442 13 40.43 73
443 Rabbit443 2 16.55 26
444 Rabbit444 6 31.37 84
445 Rabbit445 10 38.52 67
446 Rabbit446 3 43.0 78
447 Rabbit447 14 37.78 53
448 Rabbit448 6 32.38 53
449 Rabbit449 14 41.41 82
450 Rabbit450 14 33.01 73
451 Rabbit451 9 43.82 110
452 Rabbit452 12 41.42 7
453 Rabbit453 11 20.06 1
454 Rabbit454 2 22.3 75
455 Rabbit455 5 39.17 61
456 Rabbit456 14 44.59 100
457 Rabbit457 12 33.43 68
458 Rabbit458 13 12.78 17
459 Rabbit459 1 34.49 37
460 Rabbit460 5 31.16 40
461 Rabbit461 13 10.77 87
462 Rabbit462 12 28.75 96
463 Rabbit463 15 38.95 67
464 Rabbit464 7 10.25 54
465 Rabbit465 5 31.67 82
466 Rabbit466 9 24.22 114
467 Rabbit467 7 15.77 73
468 Rabbit468 7 46.99 40
469 Rabbit469 14 28.94 115
470 Rabbit470 6 18.72 113
471 Rabbit471 4 41.67 49
472 Rabbit472 7 29.09 52
473 Rabbit473 12 15.14 6
474 Rabbit474 15 38.54 113
475 Rabbit475 6 26.18 80
476 Rabbit476 1 34.16 46
477 Rabbit477 6 24.34 55
478 Rabbit478 2 10.14 63
479 Rabbit479 7 46.55 34
480 Rabbit480 5 18.42 84
481 Rabbit481 5 30.52 54
482 Rabbit482 11 29.29 78
483 Rabbit483 6 16.26 60
484 Rabbit484 6 42.91 56
485 Rabbit485 7 45.96 96
486 Rabbit486 12 25.17 69
487 Rabbit487 9 38.72 13
488 Rabbit488 1 49.25 29
489 Rabbit489 9 40.15 39
490 Rabbit490 4 31.24 96
491 Rabbit491 3 45.22 114
492 Rabbit492 9 37.44 96
493 Rabbit493 11 13.14 83
494 Rabbit494 14 33.44 79
495 Rabbit495 13 30.82 3
496 Rabbit496 3 48.3 111
497 Rabbit497 6 19.83 36
498 Rabbit498 15 31.87 103
499 Rabbit499 15 33.32 33
500 Rabbit500 8 19.09 34
501 Rabbit501 4 15.02 113
502 Rabbit502 1 26.87 47
503 Rabbit503 4 36.5 18
504 Rabbit504 8 46.16 119
505 Rabbit505 13 12.54 40
506 Rabbit506 2 21.33 50
507 Rabbit507 1 45.93 51
508 Rabbit508 15 27.19 111
509 Rabbit509 2 49.01 80
510 Rabbit510 15 32.89 7
511 Rabbit511 14 48.71 53
512 Rabbit512 9 25.09 98
513 Rabbit513 14 22.83 41
514 Rabbit514 4 13.21 70
515 Rabbit515 13 32.75 43
516 Rabbit516 14 27.67 65
517 Rabbit517 2 23.41 7
518 Rabbit518 7 47.44 14
519 Rabbit519 2 14.39 52
520 Rabbit520 4 35.22 48
521 Rabbit521 10 49.73 7
522 Rabbit522 14 15.89 88
523 Rabbit523 8 20.66 85
524 Rabbit524 6 46.27 6
525 Rabbit525 1 35.9 117
526 Rabbit526 5 41.22 94
527 Rabbit527 5 13.8 43
528 Rabbit528 14 29.15 118
529 Rabbit529 3 29.02 50
530 Rabbit530 9 45.69 88
531 Rabbit531 5 16.75 77
532 Rabbit532 15 37.32 110
533 Rabbit533 14 33.37 63
534 Rabbit534 12 31.23 43
535 Rabbit535 12 33.47 89
536 Rabbit536 13 26.04 6
537 Rabbit537 9 21.33 74
538 Rabbit538 13 45.03 128
539 Rabbit539 3 20.53 62
540 Rabbit540 10 21.52 122
541 Rabbit541 13 32.51 123
542 Rabbit542 12 40.24 56
543 Rabbit543 15 36.41 135
544 Rabbit544 2 31.38 38
545 Rabbit545 5 37.84 104
546 Rabbit546 2 10.45 58
547 Rabbit547 2 23.92 83
548 Rabbit548 3 24.01 51
549 Rabbit549 13 49.27 7
550 Rabbit550 10 12.36 83
551 Rabbit551 12 37.42 39
552 Rabbit552 14 21.47 44
553 Rabbit553 2 16.1 42
554 Rabbit554 1 10.05 122
555 Rabbit555 6 36.8 60
556 Rabbit556 1 33.12 49
557 Rabbit557 1 12.47 41
558 Rabbit558 2 27.1 12
559 Rabbit559 10 41.36 52
560 Rabbit560 1 39.44 9
561 Rabbit561 3 22.19 108
562 Rabbit562 8 41.36 99
563 Rabbit563 15 34.24 134
564 Rabbit564 5 11.53 130
565 Rabbit565 15 47.24 9
566 Rabbit566 6 33.28 23
567 Rabbit567 15 27.8 91
568 Rabbit568 6 25.65 64
569 Rabbit569 9 26.71 58
570 Rabbit570 5 30.76 140
571 Rabbit571 2 20.84 34
572 Rabbit572 12 24.16 53
573 Rabbit573 5 40.7 33
574 Rabbit574 5 23.02 80
575 Rabbit575 12 14.81 92
576 Rabbit576 10 37.88 82
577 Rabbit577 9 41.68 136
578 Rabbit578 5 10.29 46
579 Rabbit579 11 16.3 14
580 Rabbit580 5 42.36 34
581 Rabbit581 2 14.24 39
582 Rabbit582 2 44.2 91
583 Rabbit583 3 11.85 113
584 Rabbit584 9 38.1 86
585 Rabbit585 13 37.78 59
586 Rabbit586 1 34.79 138
587 Rabbit587 2 49.96 99
588 Rabbit588 5 21.76 20
589 Rabbit589 8 27.71 2
590 Rabbit590 14 43.2 18
591 Rabbit591 12 44.59 122
592 Rabbit592 4 31.21 135
593 Rabbit593 4 14.49 66
594 Rabbit594 14 39.21 120
595 Rabbit595 9 13.4 33
596 Rabbit596 11 26.58 17
597 Rabbit597 8 38.68 116
598 Rabbit598 3 23.39 14
599 Rabbit599 15 42.23 2
600 Rabbit600 4 18.73 35
601 Rabbit601 5 46.81 65
602 Rabbit602 6 15.04 131
603 Rabbit603 15 35.33 104
604 Rabbit604 5 14.18 3
605 Rabbit605 7 41.13 133
606 Rabbit606 15 27.2 121
607 Rabbit607 1 32.39 47
608 Rabbit608 13 14.77 92
609 Rabbit609 5 19.51 145
610 Rabbit610 9 23.54 105
611 Rabbit611 12 37.41 58
612 Rabbit612 15 23.78 97
613 Rabbit613 2 46.33 84
614 Rabbit614 3 29.5 90
615 Rabbit615 5 41.74 57
616 Rabbit616 8 23.1 41
617 Rabbit617 14 36.46 122
618 Rabbit618 14 32.61 137
619 Rabbit619 14 22.21 27
620 Rabbit620 4 44.97 144
621 Rabbit621 8 34.99 67
622 Rabbit622 6 32.89 7
623 Rabbit623 15 47.92 121
624 Rabbit624 9 12.06 60
625 Rabbit625 2 46.29 79
626 Rabbit626 10 23.31 58
627 Rabbit627 12 30.78 150
628 Rabbit628 2 24.68 22
629 Rabbit629 3 29.57 101
630 Rabbit630 9 32.4 37
631 Rabbit631 14 41.55 2
632 Rabbit632 2 49.36 86
633 Rabbit633 6 45.78 20
634 Rabbit634 14 48.33 93
635 Rabbit635 10 35.7 22
636 Rabbit636 15 16.14 123
637 Rabbit637 14 33.8 113
638 Rabbit638 4 12.83 75
639 Rabbit639 9 12.3 76
640 Rabbit640 4 27.94 131
641 Rabbit641 11 28.46 156
642 Rabbit642 8 26.27 113
643 Rabbit643 5 42.12 37
644 Rabbit644 3 45.18 131
645 Rabbit645 2 15.1 95
646 Rabbit646 8 22.99 81
647 Rabbit647 6 10.15 98
648 Rabbit648 2 46.04 43
649 Rabbit649 13 49.89 13
650 Rabbit650 6 37.97 87
651 Rabbit651 3 30.91 2
652 Rabbit652 3 26.86 53
653 Rabbit653 13 31.37 162
654 Rabbit654 8 31.04 158
655 Rabbit655 3 44.14 22
656 Rabbit656 3 10.24 109
657 Rabbit657 12 37.97 134
658 Rabbit658 11 16.07 3
659 Rabbit659 12 46.29 48
660 Rabbit660 6 45.61 65
661 Rabbit661 14 38.2 45
662 Rabbit662 6 44.37 61
663 Rabbit663 4 30.89 59
664 Rabbit664 8 32.39 55
665 Rabbit665 3 48.3 162
666 Rabbit666 12 49.73 90
667 Rabbit667 8 32.86 100
668 Rabbit668 4 48.9 82
669 Rabbit669 14 43.76 78
670 Rabbit670 2 49.5 148
671 Rabbit671 14 33.01 152
672 Rabbit672 12 22.55 132
673 Rabbit673 10 12.18 65
674 Rabbit674 3 10.31 119
675 Rabbit675 2 24.96 33
676 Rabbit676 13 27.57 12
677 Rabbit677 5 28.31 169
678 Rabbit678 7 48.47 45
679 Rabbit679 10 37.71 4
680 Rabbit680 2 41.72 6
681 Rabbit681 12 32.06 112
682 Rabbit682 6 42.19 67
683 Rabbit683 7 11.93 48
684 Rabbit684 6 44.41 72
685 Rabbit685 5 38.03 17
686 Rabbit686 4 45.67 92
687 Rabbit687 1 15.58 142
688 Rabbit688 15 15.57 56
689 Rabbit689 12 32.59 160
690 Rabbit690 3 48.94 89
691 Rabbit691 15 47.43 123
692 Rabbit692 3 35.32 19
693 Rabbit693 9 18.72 76
694 Rabbit694 7 26.66 59
695 Rabbit695 14 27.5 151
696 Rabbit696 1 17.66 97
697 Rabbit697 4 13.71 74
698 Rabbit698 9 22.0 56
699 Rabbit699 4 38.73 45
700 Rabbit700 1 12.52 107
701 Rabbit701 2 35.88 88
702 Rabbit702 14 47.23 16
703 Rabbit703 4 22.9 129
704 Rabbit704 15 40.66 138
705 Rabbit705 2 20.65 147
706 Rabbit706 15 29.29 92
707 Rabbit707 2 33.27 5
708 Rabbit708 5 43.14 138
709 Rabbit709 13 29.23 60
710 Rabbit710 12 19.62 12
711 Rabbit711 2 18.08 39
712 Rabbit712 6 15.81 130
713 Rabbit713 4 40.65 156
714 Rabbit714 12 29.31 56
715 Rabbit715 9 39.78 178
716 Rabbit716 12 46.11 90
717 Rabbit717 6 11.74 106
718 Rabbit718 15 44.2 158
719 Rabbit719 9 47.45 119
720 Rabbit720 11 22.51 75
721 Rabbit721 7 41.57 34
722 Rabbit722 9 43.8 18
723 Rabbit723 10 36.51 99
724 Rabbit724 6 16.78 178
725 Rabbit725 4 21.17 142
726 Rabbit726 10 30.74 150
727 Rabbit727 1 25.1 54
728 Rabbit728 9 46.95 3
729 Rabbit729 13 41.07 88
730 Rabbit730 2 38.47 43
731 Rabbit731 5 42.76 169
732 Rabbit732 5 21.62 44
733 Rabbit733 6 44.78 113
734 Rabbit734 10 28.74 148
735 Rabbit735 10 43.0 5
736 Rabbit736 9 39.77 88
737 Rabbit737 9 35.43 152
738 Rabbit738 7 16.37 103
739 Rabbit739 9 48.95 60
740 Rabbit740 3 24.55 20
741 Rabbit741 15 30.62 178
742 Rabbit742 11 46.39 82
743 Rabbit743 9 35.5 124
744 Rabbit744 15 35.16 79
745 Rabbit745 1 32.55 36
746 Rabbit746 13 27.87 42
747 Rabbit747 4 30.24 54
748 Rabbit748 13 13.22 92
749 Rabbit749 9 41.28 180
750 Rabbit750 1 13.46 14
751 Rabbit751 13 16.44 38
752 Rabbit752 15 18.79 147
753 Rabbit753 15 37.08 124
754 Rabbit754 9 29.47 23
755 Rabbit755 12 16.82 127
756 Rabbit756 3 36.77 104
757 Rabbit757 4 25.66 155
758 Rabbit758 9 34.61 100
759 Rabbit759 6 24.86 65
760 Rabbit760 1 15.3 46
761 Rabbit761 1 38.13 160
762 Rabbit762 10 29.54 127
763 Rabbit763 15 39.44 162
764 Rabbit764 3 43.36 67
765 Rabbit765 12 27.96 94
766 Rabbit766 11 19.97 165
767 Rabbit767 13 35.61 57
768 Rabbit768 15 48.99 15
769 Rabbit769 1 24.54 38
770 Rabbit770 8 18.79 106
771 Rabbit771 15 24.46 31
772 Rabbit772 13 32.17 143
773 Rabbit773 8 28.4 185
774 Rabbit774 5 48.43 60
775 Rabbit775 1 47.47 24
776 Rabbit776 10 48.43 112
777 Rabbit777 12 19.7 194
778 Rabbit778 14 44.42 4
779 Rabbit779 8 32.43 121
780 Rabbit780 11 17.67 42
781 Rabbit781 1 10.94 182
782 Rabbit782 5 44.18 111
783 Rabbit783 11 21.4 3
784 Rabbit784 9 19.9 94
785 Rabbit785 7 23.98 38
786 Rabbit786 3 37.67 50
787 Rabbit787 9 19.76 60
788 Rabbit788 6 13.49 40
789 Rabbit789 15 40.25 54
790 Rabbit790 8 14.0 32
791 Rabbit791 4 45.71 27
792 Rabbit792 7 22.83 135
793 Rabbit793 7 25.58 10
794 Rabbit794 5 24.18 178
795 Rabbit795 8 43.84 141
796 Rabbit796 6 33.57 76
797 Rabbit797 8 20.06 124
798 Rabbit798 8 10.88 193
799 Rabbit799 11 42.69 52
800 Rabbit800 15 33.08 1
801 Rabbit801 6 43.29 39
802 Rabbit802 6 24.13 149
803 Rabbit803 14 14.9 154
804 Rabbit804 3 25.29 65
805 Rabbit805 1 20.54 47
806 Rabbit806 3 46.28 42
807 Rabbit807 9 35.49 139
808 Rabbit808 9 41.49 137
809 Rabbit809 6 16.67 3
810 Rabbit810 10 49.36 202
811 Rabbit811 1 24.67 126
812 Rabbit812 15 41.55 97
813 Rabbit813 12 33.68 4
814 Rabbit814 8 20.29 21
815 Rabbit815 6 24.44 15
816 Rabbit816 10 41.97 137
817 Rabbit817 7 22.39 25
818 Rabbit818 10 22.76 200
819 Rabbit819 5 28.09 7
820 Rabbit820 8 40.97 111
821 Rabbit821 15 18.6 53
822 Rabbit822 15 10.23 190
823 Rabbit823 15 38.55 130
824 Rabbit824 2 31.1 11
825 Rabbit825 2 27.23 94
826 Rabbit826 4 15.98 189
827 Rabbit827 15 40.84 118
828 Rabbit828 13 29.41 72
829 Rabbit829 3 24.98 203
830 Rabbit830 12 28.89 6
831 Rabbit831 9 34.58 174
832 Rabbit832 1 13.88 74
833 Rabbit833 5 34.66 9
834 Rabbit834 4 29.69 162
835 Rabbit835 5 11.43 119
836 Rabbit836 13 32.6 164
837 Rabbit837 8 46.7 183
838 Rabbit838 8 10.89 106
839 Rabbit839 15 17.4 67
840 Rabbit840 14 49.14 210
841 Rabbit841 9 30.26 16
842 Rabbit842 10 22.4 116
843 Rabbit843 15 11.77 104
844 Rabbit844 8 36.9 59
845 Rabbit845 3 21.81 49
846 Rabbit846 8 43.03 90
847 Rabbit847 9 43.06 97
848 Rabbit848 8 42.99 198
849 Rabbit849 11 34.34 168
850 Rabbit850 2 10.86 103
851 Rabbit851 3 43.11 177
852 Rabbit852 8 29.3 20
853 Rabbit853 12 18.82 154
854 Rabbit854 11 11.39 14
855 Rabbit855 14 15.87 197
856 Rabbit856 1 29.05 202
857 Rabbit857 4 48.57 145
858 Rabbit858 9 10.56 24
859 Rabbit859 9 13.44 83
860 Rabbit860 4 16.71 124
861 Rabbit861 9 27.63 62
862 Rabbit862 7 11.57 143
863 Rabbit863 7 26.18 87
864 Rabbit864 6 21.17 103
865 Rabbit865 10 47.19 79
866 Rabbit866 2 13.14 176
867 Rabbit867 4 40.51 47
868 Rabbit868 13 33.24 37
869 Rabbit869 11 33.67 201
870 Rabbit870 9 44.02 14
871 Rabbit871 10 21.35 105
872 Rabbit872 11 12.69 21
873 Rabbit873 8 23.51 126
874 Rabbit874 13 11.32 52
875 Rabbit875 11 32.25 69
876 Rabbit876 9 12.03 199
877 Rabbit877 6 42.27 55
878 Rabbit878 2 11.35 219
879 Rabbit879 1 37.33 122
880 Rabbit880 3 43.9 65
881 Rabbit881 13 21.49 3
882 Rabbit882 1 24.97 130
883 Rabbit883 11 47.97 165
884 Rabbit884 11 35.7 125
885 Rabbit885 7 43.56 66
886 Rabbit886 1 34.78 133
887 Rabbit887 4 47.29 219
888 Rabbit888 2 26.57 199
889 Rabbit889 1 19.34 161
890 Rabbit890 6 10.54 9
891 Rabbit891 10 12.04 140
892 Rabbit892 15 27.92 164
893 Rabbit893 8 35.75 59
894 Rabbit894 15 48.4 86
895 Rabbit895 13 42.55 57
896 Rabbit896 11 33.91 137
897 Rabbit897 12 32.42 26
898 Rabbit898 11 30.94 15
899 Rabbit899 4 23.19 17
900 Rabbit900 2 46.98 32
901 Rabbit901 15 26.19 160
902 Rabbit902 4 14.73 169
903 Rabbit903 15 30.19 178
904 Rabbit904 6 37.91 199
905 Rabbit905 10 44.08 33
906 Rabbit906 9 13.75 151
907 Rabbit907 13 45.07 150
908 Rabbit908 4 12.32 118
909 Rabbit909 1 22.72 51
910 Rabbit910 6 25.63 198
911 Rabbit911 10 34.11 140
912 Rabbit912 1 29.17 176
913 Rabbit913 6 22.59 209
914 Rabbit914 4 43.95 217
915 Rabbit915 15 15.69 197
916 Rabbit916 4 32.7 81
917 Rabbit917 10 39.19 120
918 Rabbit918 8 36.26 6
919 Rabbit919 10 47.38 165
920 Rabbit920 15 48.08 203
921 Rabbit921 5 27.81 20
922 Rabbit922 2 37.54 222
923 Rabbit923 15 16.91 105
924 Rabbit924 5 48.85 162
925 Rabbit925 12 38.33 7
926 Rabbit926 7 22.09 58
927 Rabbit927 12 10.84 28
928 Rabbit928 8 36.09 146
929 Rabbit929 5 21.64 28
930 Rabbit930 1 16.57 62
931 Rabbit931 9 31.71 72
932 Rabbit932 8 27.37 91
933 Rabbit933 11 41.87 46
934 Rabbit934 15 28.78 169
935 Rabbit935 14 36.04 87
936 Rabbit936 6 10.41 169
937 Rabbit937 3 34.32 170
938 Rabbit938 11 30.4 174
939 Rabbit939 12 49.39 210
940 Rabbit940 12 10.4 9
941 Rabbit941 4 12.79 26
942 Rabbit942 15 11.76 51
943 Rabbit943 15 34.06 156
944 Rabbit944 3 24.67 207
945 Rabbit945 10 34.76 86
946 Rabbit946 13 46.28 172
947 Rabbit947 13 12.28 141
948 Rabbit948 10 34.63 87
949 Rabbit949 13 21.25 86
950 Rabbit950 10 15.26 90
951 Rabbit951 13 31.9 233
952 Rabbit952 7 10.79 200
953 Rabbit953 2 13.9 34
954 Rabbit954 14 13.65 85
955 Rabbit955 2 41.63 49
956 Rabbit956 9 29.5 14
957 Rabbit957 4 44.69 134
958 Rabbit958 5 47.65 167
959 Rabbit959 9 38.05 14
960 Rabbit960 2 29.42 188
961 Rabbit961 4 42.03 141
962 Rabbit962 1 23.24 237
963 Rabbit963 7 31.63 134
964 Rabbit964 15 33.32 236
965 Rabbit965 5 13.59 29
966 Rabbit966 13 32.74 129
967 Rabbit967 8 19.78 17
968 Rabbit968 4 46.62 148
969 Rabbit969 11 15.38 35
970 Rabbit970 6 35.13 225
971 Rabbit971 2 29.61 23
972 Rabbit972 6 34.65 116
973 Rabbit973 9 49.62 204
974 Rabbit974 9 22.67 135
975 Rabbit975 2 38.07 81
976 Rabbit976 9 40.15 181
977 Rabbit977 9 18.66 116
978 Rabbit978 8 48.95 192
979 Rabbit979 14 15.42 233
980 Rabbit980 10 44.01 197
981 Rabbit981 15 24.87 24
982 Rabbit982 10 19.5 168
983 Rabbit983 1 35.69 33
984 Rabbit984 1 26.68 152
985 Rabbit985 5 48.71 177
986 Rabbit986 13 10.02 235
987 Rabbit987 2 39.84 240
988 Rabbit988 5 44.79 211
989 Rabbit989 3 46.64 183
990 Rabbit990 5 24.23 127
991 Rabbit991 8 27.97 123
992 Rabbit992 12 25.87 107
993 Rabbit993 6 25.87 22
994 Rabbit994 4 13.46 134
995 Rabbit995 15 13.95 33
996 Rabbit996 14 35.72 72
997 Rabbit997 11 41.87 181
998 Rabbit998 12 17.2 185
999 Rabbit999 9 16.68 58
1000 Rabbit1000 8 11.09 203
1001 Rabbit1001 11 47.57 83
1002 Rabbit1002 3 17.93 2
1003 Rabbit1003 12 40.41 233
1004 Rabbit1004 3 12.07 144
1005 Rabbit1005 10 25.34 174
1006 Rabbit1006 4 21.24 215
1007 Rabbit1007 11 23.39 147
1008 Rabbit1008 5 14.16 53
1009 Rabbit1009 12 23.68 109
1010 Rabbit1010 5 41.92 44
1011 Rabbit1011 15 38.69 52
1012 Rabbit1012 8 21.12 39
1013 Rabbit1013 12 14.71 103
1014 Rabbit1014 13 22.36 234
1015 Rabbit1015 14 18.25 25
1016 Rabbit1016 5 14.3 245
1017 Rabbit1017 11 11.73 26
1018 Rabbit1018 7 34.41 59
1019 Rabbit1019 4 44.31 183
1020 Rabbit1020 13 29.86 10
1021 Rabbit1021 12 11.06 252
1022 Rabbit1022 12 32.79 98
1023 Rabbit1023 6 30.01 37
1024 Rabbit1024 7 35.57 182
1025 Rabbit1025 7 14.16 131
1026 Rabbit1026 3 18.01 177
1027 Rabbit1027 15 24.77 243
1028 Rabbit1028 4 35.5 83
1029 Rabbit1029 9 12.02 235
1030 Rabbit1030 1 23.18 184
1031 Rabbit1031 10 22.44 183
1032 Rabbit1032 11 19.53 152
1033 Rabbit1033 3 43.94 46
1034 Rabbit1034 3 34.86 99
1035 Rabbit1035 1 19.54 216
1036 Rabbit1036 15 45.52 200
1037 Rabbit1037 12 30.71 168
1038 Rabbit1038 2 41.04 187
1039 Rabbit1039 15 20.95 172
1040 Rabbit1040 1 25.91 117
1041 Rabbit1041 9 46.21 2
1042 Rabbit1042 7 26.64 180
1043 Rabbit1043 6 16.26 246
1044 Rabbit1044 10 31.01 208
1045 Rabbit1045 4 32.58 171
1046 Rabbit1046 15 31.99 130
1047 Rabbit1047 4 21.05 237
1048 Rabbit1048 12 15.86 179
1049 Rabbit1049 12 37.82 63
1050 Rabbit1050 10 41.77 152
1051 Rabbit1051 15 23.64 138
1052 Rabbit1052 9 40.64 168
1053 Rabbit1053 1 16.36 130
1054 Rabbit1054 1 25.62 88
1055 Rabbit1055 15 39.0 239
1056 Rabbit1056 5 25.13 128
1057 Rabbit1057 15 21.87 221
1058 Rabbit1058 1 27.11 240
1059 Rabbit1059 3 35.56 137
1060 Rabbit1060 7 22.52 31
1061 Rabbit1061 1 17.01 48
1062 Rabbit1062 13 11.17 97
1063 Rabbit1063 14 42.5 167
1064 Rabbit1064 2 46.12 88
1065 Rabbit1065 1 12.71 177
1066 Rabbit1066 8 47.31 90
1067 Rabbit1067 7 23.75 220
1068 Rabbit1068 1 30.6 137
1069 Rabbit1069 7 40.15 242
1070 Rabbit1070 8 28.53 184
1071 Rabbit1071 6 46.17 256
1072 Rabbit1072 5 46.46 198
1073 Rabbit1073 13 27.5 208
1074 Rabbit1074 15 44.1 185
1075 Rabbit1075 6 15.72 162
1076 Rabbit1076 11 18.16 214
1077 Rabbit1077 10 41.19 150
1078 Rabbit1078 4 47.88 174
1079 Rabbit1079 13 16.19 109
1080 Rabbit1080 8 35.74 246
1081 Rabbit1081 14 19.13 38
1082 Rabbit1082 13 23.14 130
1083 Rabbit1083 8 37.74 175
1084 Rabbit1084 3 33.05 17
1085 Rabbit1085 11 49.95 136
1086 Rabbit1086 12 16.89 218
1087 Rabbit1087 1 42.16 139
1088 Rabbit1088 4 35.36 26
1089 Rabbit1089 7 25.83 245
1090 Rabbit1090 1 34.8 113
1091 Rabbit1091 1 13.56 124
1092 Rabbit1092 1 35.72 118
1093 Rabbit1093 7 48.61 241
1094 Rabbit1094 2 19.85 204
1095 Rabbit1095 15 30.37 118
1096 Rabbit1096 10 34.25 197
1097 Rabbit1097 13 25.5 74
1098 Rabbit1098 11 13.7 262
1099 Rabbit1099 15 14.96 133
1100 Rabbit1100 4 34.17 128
1101 Rabbit1101 2 10.21 58
1102 Rabbit1102 14 13.05 52
1103 Rabbit1103 4 42.2 227
1104 Rabbit1104 6 22.72 134
1105 Rabbit1105 14 14.4 118
1106 Rabbit1106 15 25.88 135
1107 Rabbit1107 2 31.71 62
1108 Rabbit1108 14 11.04 227
1109 Rabbit1109 4 41.18 125
1110 Rabbit1110 3 44.07 98
1111 Rabbit1111 3 32.22 163
1112 Rabbit1112 15 25.97 259
1113 Rabbit1113 6 11.46 49
1114 Rabbit1114 12 43.55 22
1115 Rabbit1115 15 49.88 152
1116 Rabbit1116 13 23.59 160
1117 Rabbit1117 8 25.67 25
1118 Rabbit1118 15 41.97 28
1119 Rabbit1119 4 31.74 65
1120 Rabbit1120 5 33.29 42
1121 Rabbit1121 11 44.38 250
1122 Rabbit1122 13 35.7 261
1123 Rabbit1123 1 11.36 168
1124 Rabbit1124 4 19.52 111
1125 Rabbit1125 1 13.35 125
1126 Rabbit1126 8 17.35 95
1127 Rabbit1127 9 39.58 165
1128 Rabbit1128 3 22.82 86
1129 Rabbit1129 9 43.02 270
1130 Rabbit1130 14 17.24 6
1131 Rabbit1131 12 44.41 104
1132 Rabbit1132 14 10.81 165
1133 Rabbit1133 11 34.4 162
1134 Rabbit1134 13 42.97 116
1135 Rabbit1135 1 29.96 266
1136 Rabbit1136 15 43.01 121
1137 Rabbit1137 7 38.38 243
1138 Rabbit1138 11 49.94 64
1139 Rabbit1139 12 21.96 203
1140 Rabbit1140 13 25.55 252
1141 Rabbit1141 12 19.25 197
1142 Rabbit1142 10 22.5 212
1143 Rabbit1143 4 18.39 57
1144 Rabbit1144 14 30.16 75
1145 Rabbit1145 13 31.08 151
1146 Rabbit1146 7 38.06 141
1147 Rabbit1147 8 36.93 2
1148 Rabbit1148 9 18.14 271
1149 Rabbit1149 2 35.07 186
1150 Rabbit1150 2 19.62 167
1151 Rabbit1151 5 39.12 28
1152 Rabbit1152 4 42.45 201
1153 Rabbit1153 15 33.04 190
1154 Rabbit1154 14 37.77 237
1155 Rabbit1155 14 47.55 140
1156 Rabbit1156 5 30.05 240
1157 Rabbit1157 4 33.03 93
1158 Rabbit1158 2 33.91 256
1159 Rabbit1159 13 40.46 219
1160 Rabbit1160 15 35.04 159
1161 Rabbit1161 6 11.48 260
1162 Rabbit1162 12 46.24 208
1163 Rabbit1163 3 39.68 145
1164 Rabbit1164 5 23.46 105
1165 Rabbit1165 15 38.21 220
1166 Rabbit1166 10 14.91 204
1167 Rabbit1167 6 37.36 39
1168 Rabbit1168 8 48.71 21
1169 Rabbit1169 7 41.79 12
1170 Rabbit1170 14 46.83 144
1171 Rabbit1171 4 30.23 62
1172 Rabbit1172 15 37.27 227
1173 Rabbit1173 4 11.61 208
1174 Rabbit1174 10 40.09 226
1175 Rabbit1175 1 10.14 125
1176 Rabbit1176 14 32.28 105
1177 Rabbit1177 9 39.89 281
1178 Rabbit1178 5 24.24 10
1179 Rabbit1179 12 30.05 162
1180 Rabbit1180 10 40.56 84
1181 Rabbit1181 11 47.43 145
1182 Rabbit1182 8 41.08 123
1183 Rabbit1183 8 47.19 133
1184 Rabbit1184 9 25.62 36
1185 Rabbit1185 6 14.76 285
1186 Rabbit1186 10 31.56 33
1187 Rabbit1187 8 18.95 90
1188 Rabbit1188 12 10.05 34
1189 Rabbit1189 9 38.19 34
1190 Rabbit1190 3 15.99 78
1191 Rabbit1191 14 26.28 297
1192 Rabbit1192 4 27.57 207
1193 Rabbit1193 3 41.23 178
1194 Rabbit1194 1 30.67 145
1195 Rabbit1195 3 29.71 102
1196 Rabbit1196 3 28.08 55
1197 Rabbit1197 4 44.03 6
1198 Rabbit1198 15 30.23 177
1199 Rabbit1199 9 37.39 158
1200 Rabbit1200 14 20.89 55
1201 Rabbit1201 3 34.31 52
1202 Rabbit1202 13 41.64 248
1203 Rabbit1203 12 11.46 233
1204 Rabbit1204 6 42.92 113
1205 Rabbit1205 6 40.46 91
1206 Rabbit1206 2 18.24 18
1207 Rabbit1207 11 27.67 226
1208 Rabbit1208 10 20.74 299
1209 Rabbit1209 10 27.02 194
1210 Rabbit1210 1 26.86 188
1211 Rabbit1211 4 19.34 265
1212 Rabbit1212 4 49.74 169
1213 Rabbit1213 8 45.77 95
1214 Rabbit1214 3 20.98 238
1215 Rabbit1215 11 16.95 280
1216 Rabbit1216 7 40.09 206
1217 Rabbit1217 12 10.94 49
1218 Rabbit1218 5 23.47 266
1219 Rabbit1219 1 45.48 207
1220 Rabbit1220 3 19.21 9
1221 Rabbit1221 2 42.41 223
1222 Rabbit1222 2 48.01 126
1223 Rabbit1223 5 19.89 153
1224 Rabbit1224 4 38.58 5
1225 Rabbit1225 14 33.49 207
1226 Rabbit1226 8 45.97 85
1227 Rabbit1227 1 25.28 66
1228 Rabbit1228 13 45.01 136
1229 Rabbit1229 12 31.12 93
1230 Rabbit1230 13 16.6 157
1231 Rabbit1231 8 34.58 48
1232 Rabbit1232 1 44.05 252
1233 Rabbit1233 9 13.87 230
1234 Rabbit1234 4 46.82 229
1235 Rabbit1235 6 27.47 65
1236 Rabbit1236 2 23.27 224
1237 Rabbit1237 10 22.24 249
1238 Rabbit1238 15 17.17 218
1239 Rabbit1239 4 49.16 142
1240 Rabbit1240 13 27.09 98
1241 Rabbit1241 11 44.37 287
1242 Rabbit1242 11 44.81 46
1243 Rabbit1243 10 35.22 26
1244 Rabbit1244 8 37.26 44
1245 Rabbit1245 1 25.85 72
1246 Rabbit1246 13 36.94 199
1247 Rabbit1247 11 31.19 18
1248 Rabbit1248 10 24.63 207
1249 Rabbit1249 13 48.13 218
1250 Rabbit1250 9 34.25 223
1251 Rabbit1251 7 42.14 126
1252 Rabbit1252 8 35.27 51
1253 Rabbit1253 5 44.48 195
1254 Rabbit1254 13 42.07 303
1255 Rabbit1255 9 27.52 136
1256 Rabbit1256 7 25.81 70
1257 Rabbit1257 8 33.11 212
1258 Rabbit1258 9 25.45 148
1259 Rabbit1259 3 41.27 230
1260 Rabbit1260 10 42.04 288
1261 Rabbit1261 3 32.82 235
1262 Rabbit1262 2 41.45 259
1263 Rabbit1263 4 26.86 48
1264 Rabbit1264 7 31.38 114
1265 Rabbit1265 9 14.53 43
1266 Rabbit1266 3 49.02 61
1267 Rabbit1267 4 20.82 183
1268 Rabbit1268 13 33.57 315
1269 Rabbit1269 11 34.24 198
1270 Rabbit1270 6 19.73 191
1271 Rabbit1271 4 23.14 170
1272 Rabbit1272 5 33.07 113
1273 Rabbit1273 4 29.4 99
1274 Rabbit1274 9 20.2 13
1275 Rabbit1275 14 12.95 18
1276 Rabbit1276 15 11.15 283
1277 Rabbit1277 11 36.3 316
1278 Rabbit1278 5 24.84 257
1279 Rabbit1279 10 11.93 319
1280 Rabbit1280 3 46.21 236
1281 Rabbit1281 7 14.27 54
1282 Rabbit1282 7 12.96 135
1283 Rabbit1283 11 28.24 304
1284 Rabbit1284 1 25.46 267
1285 Rabbit1285 15 18.21 83
1286 Rabbit1286 4 31.4 172
1287 Rabbit1287 1 16.41 209
1288 Rabbit1288 15 27.96 131
1289 Rabbit1289 9 40.48 281
1290 Rabbit1290 4 20.51 113
1291 Rabbit1291 12 35.19 29
1292 Rabbit1292 8 42.21 273
1293 Rabbit1293 11 25.24 99
1294 Rabbit1294 6 26.38 293
1295 Rabbit1295 8 38.37 309
1296 Rabbit1296 13 40.44 28
1297 Rabbit1297 1 41.24 113
1298 Rabbit1298 10 19.89 126
1299 Rabbit1299 7 49.03 208
1300 Rabbit1300 7 16.31 12
1301 Rabbit1301 9 19.8 30
1302 Rabbit1302 8 37.91 316
1303 Rabbit1303 14 45.79 160
1304 Rabbit1304 2 38.28 99
1305 Rabbit1305 3 48.32 254
1306 Rabbit1306 7 48.72 247
1307 Rabbit1307 12 21.67 177
1308 Rabbit1308 3 46.57 266
1309 Rabbit1309 12 44.21 242
1310 Rabbit1310 12 25.52 78
1311 Rabbit1311 9 20.61 19
1312 Rabbit1312 1 24.39 294
1313 Rabbit1313 5 44.71 21
1314 Rabbit1314 6 10.03 129
1315 Rabbit1315 11 11.53 254
1316 Rabbit1316 4 20.73 131
1317 Rabbit1317 14 26.53 276
1318 Rabbit1318 11 30.74 206
1319 Rabbit1319 3 27.21 194
1320 Rabbit1320 10 49.37 185
1321 Rabbit1321 3 17.17 294
1322 Rabbit1322 6 21.56 21
1323 Rabbit1323 10 29.77 41
1324 Rabbit1324 3 49.3 260
1325 Rabbit1325 4 38.46 330
1326 Rabbit1326 2 21.63 142
1327 Rabbit1327 10 39.38 207
1328 Rabbit1328 13 46.99 81
1329 Rabbit1329 3 28.45 151
1330 Rabbit1330 6 21.66 185
1331 Rabbit1331 8 13.58 95
1332 Rabbit1332 10 15.65 112
1333 Rabbit1333 5 11.51 32
1334 Rabbit1334 10 28.33 71
1335 Rabbit1335 12 11.86 171
1336 Rabbit1336 15 36.39 140
1337 Rabbit1337 12 32.35 158
1338 Rabbit1338 8 25.12 319
1339 Rabbit1339 13 36.48 108
1340 Rabbit1340 8 16.96 164
1341 Rabbit1341 12 41.89 123
1342 Rabbit1342 4 17.95 128
1343 Rabbit1343 1 13.0 162
1344 Rabbit1344 15 14.05 46
1345 Rabbit1345 7 40.76 4
1346 Rabbit1346 13 13.97 257
1347 Rabbit1347 2 30.33 95
1348 Rabbit1348 11 21.48 248
1349 Rabbit1349 2 45.47 313
1350 Rabbit1350 8 46.71 85
1351 Rabbit1351 7 48.26 119
1352 Rabbit1352 7 23.98 144
1353 Rabbit1353 9 14.02 82
1354 Rabbit1354 14 35.84 14
1355 Rabbit1355 5 49.98 229
1356 Rabbit1356 13 48.56 83
1357 Rabbit1357 10 38.57 285
1358 Rabbit1358 2 14.16 110
1359 Rabbit1359 4 41.59 110
1360 Rabbit1360 8 10.33 202
1361 Rabbit1361 7 45.86 77
1362 Rabbit1362 7 44.11 292
1363 Rabbit1363 15 11.46 256
1364 Rabbit1364 3 45.29 31
1365 Rabbit1365 2 10.46 333
1366 Rabbit1366 10 10.46 8
1367 Rabbit1367 11 29.17 318
1368 Rabbit1368 9 36.69 113
1369 Rabbit1369 12 43.22 57
1370 Rabbit1370 11 34.5 299
1371 Rabbit1371 3 49.7 18
1372 Rabbit1372 14 14.01 242
1373 Rabbit1373 1 48.01 98
1374 Rabbit1374 3 11.27 145
1375 Rabbit1375 4 39.57 85
1376 Rabbit1376 3 38.47 161
1377 Rabbit1377 5 29.53 22
1378 Rabbit1378 10 19.11 157
1379 Rabbit1379 14 46.96 286
1380 Rabbit1380 8 21.37 130
1381 Rabbit1381 12 19.62 63
1382 Rabbit1382 11 18.59 31
1383 Rabbit1383 11 35.31 68
1384 Rabbit1384 2 42.41 158
1385 Rabbit1385 10 48.64 211
1386 Rabbit1386 5 30.19 323
1387 Rabbit1387 3 17.6 182
1388 Rabbit1388 12 29.34 161
1389 Rabbit1389 12 31.64 101
1390 Rabbit1390 2 35.13 105
1391 Rabbit1391 15 34.04 256
1392 Rabbit1392 2 49.97 197
1393 Rabbit1393 12 28.31 174
1394 Rabbit1394 2 19.64 184
1395 Rabbit1395 12 42.12 74
1396 Rabbit1396 10 38.27 230
1397 Rabbit1397 1 23.9 58
1398 Rabbit1398 5 47.04 288
1399 Rabbit1399 5 28.69 24
1400 Rabbit1400 8 22.98 323
1401 Rabbit1401 7 37.32 48
1402 Rabbit1402 7 48.27 331
1403 Rabbit1403 3 48.31 142
1404 Rabbit1404 9 40.24 233
1405 Rabbit1405 7 26.83 216
1406 Rabbit1406 10 12.78 269
1407 Rabbit1407 11 35.49 220
1408 Rabbit1408 1 34.62 198
1409 Rabbit1409 8 38.12 33
1410 Rabbit1410 4 34.5 333
1411 Rabbit1411 2 40.11 203
1412 Rabbit1412 7 25.11 62
1413 Rabbit1413 15 37.1 345
1414 Rabbit1414 15 48.83 172
1415 Rabbit1415 12 18.47 67
1416 Rabbit1416 1 31.77 109
1417 Rabbit1417 8 42.39 43
1418 Rabbit1418 13 22.19 301
1419 Rabbit1419 4 27.04 90
1420 Rabbit1420 13 49.14 121
1421 Rabbit1421 2 39.95 106
1422 Rabbit1422 2 41.37 84
1423 Rabbit1423 9 41.08 15
1424 Rabbit1424 2 44.41 295
1425 Rabbit1425 12 24.71 289
1426 Rabbit1426 3 45.72 39
1427 Rabbit1427 2 12.32 299
1428 Rabbit1428 11 37.54 314
1429 Rabbit1429 1 43.99 244
1430 Rabbit1430 12 15.71 125
1431 Rabbit1431 14 43.21 333
1432 Rabbit1432 5 14.86 145
1433 Rabbit1433 15 45.05 56
1434 Rabbit1434 10 41.15 67
1435 Rabbit1435 9 23.14 347
1436 Rabbit1436 15 18.41 267
1437 Rabbit1437 4 20.31 124
1438 Rabbit1438 13 28.58 37
1439 Rabbit1439 6 15.95 250
1440 Rabbit1440 6 27.43 71
1441 Rabbit1441 5 47.29 224
1442 Rabbit1442 12 37.12 209
1443 Rabbit1443 4 31.41 51
1444 Rabbit1444 14 35.54 147
1445 Rabbit1445 9 31.89 70
1446 Rabbit1446 5 49.36 300
1447 Rabbit1447 13 26.69 97
1448 Rabbit1448 7 48.66 257
1449 Rabbit1449 3 37.57 203
1450 Rabbit1450 1 18.46 346
1451 Rabbit1451 12 46.05 118
1452 Rabbit1452 7 18.13 345
1453 Rabbit1453 15 20.29 325
1454 Rabbit1454 7 44.65 281
1455 Rabbit1455 15 45.3 252
1456 Rabbit1456 12 33.63 134
1457 Rabbit1457 7 15.72 147
1458 Rabbit1458 12 40.8 284
1459 Rabbit1459 5 13.12 285
1460 Rabbit1460 6 47.71 295
1461 Rabbit1461 6 19.63 275
1462 Rabbit1462 7 46.53 86
1463 Rabbit1463 2 15.24 109
1464 Rabbit1464 6 45.66 242
1465 Rabbit1465 5 45.69 156
1466 Rabbit1466 2 21.69 150
1467 Rabbit1467 14 13.06 108
1468 Rabbit1468 7 44.8 121
1469 Rabbit1469 11 21.35 323
1470 Rabbit1470 2 10.93 326
1471 Rabbit1471 6 44.74 136
1472 Rabbit1472 14 24.57 140
1473 Rabbit1473 4 44.08 215
1474 Rabbit1474 5 36.29 278
1475 Rabbit1475 6 14.48 88
1476 Rabbit1476 8 45.73 240
1477 Rabbit1477 12 49.01 131
1478 Rabbit1478 14 12.01 270
1479 Rabbit1479 14 49.84 50
1480 Rabbit1480 9 13.93 198
1481 Rabbit1481 10 40.66 184
1482 Rabbit1482 11 30.97 260
1483 Rabbit1483 7 14.94 41
1484 Rabbit1484 3 21.04 199
1485 Rabbit1485 6 45.56 214
1486 Rabbit1486 11 33.24 264
1487 Rabbit1487 3 28.1 327
1488 Rabbit1488 13 24.93 209
1489 Rabbit1489 8 12.41 97
1490 Rabbit1490 13 46.67 334
1491 Rabbit1491 8 18.47 329
1492 Rabbit1492 12 49.77 105
1493 Rabbit1493 7 18.47 227
1494 Rabbit1494 12 49.63 93
1495 Rabbit1495 4 30.61 337
1496 Rabbit1496 4 44.8 47
1497 Rabbit1497 7 14.23 353
1498 Rabbit1498 2 33.66 274
1499 Rabbit1499 14 46.66 125
1500 Rabbit1500 5 20.39 161
1501 Rabbit1501 2 17.56 283
1502 Rabbit1502 3 24.39 240
1503 Rabbit1503 9 34.24 125
1504 Rabbit1504 10 24.51 177
1505 Rabbit1505 13 19.34 340
1506 Rabbit1506 12 39.52 227
1507 Rabbit1507 1 27.69 137
1508 Rabbit1508 11 40.7 90
1509 Rabbit1509 3 18.75 372
1510 Rabbit1510 8 38.36 247
1511 Rabbit1511 4 19.27 335
1512 Rabbit1512 15 36.14 105
1513 Rabbit1513 6 47.94 287
1514 Rabbit1514 13 25.75 25
1515 Rabbit1515 14 31.49 174
1516 Rabbit1516 5 36.16 34
1517 Rabbit1517 10 22.85 347
1518 Rabbit1518 7 19.17 210
1519 Rabbit1519 5 37.13 47
1520 Rabbit1520 2 21.48 133
1521 Rabbit1521 4 41.17 367
1522 Rabbit1522 1 26.85 207
1523 Rabbit1523 11 46.82 263
1524 Rabbit1524 5 46.28 83
1525 Rabbit1525 10 39.19 333
1526 Rabbit1526 3 23.16 8
1527 Rabbit1527 13 43.92 149
1528 Rabbit1528 5 12.26 218
1529 Rabbit1529 2 48.53 216
1530 Rabbit1530 5 17.0 316
1531 Rabbit1531 1 16.75 210
1532 Rabbit1532 3 38.63 381
1533 Rabbit1533 15 23.7 90
1534 Rabbit1534 2 42.54 120
1535 Rabbit1535 11 26.76 64
1536 Rabbit1536 6 42.12 301
1537 Rabbit1537 7 26.08 188
1538 Rabbit1538 15 15.07 144
1539 Rabbit1539 12 29.81 368
1540 Rabbit1540 11 38.9 277
1541 Rabbit1541 2 22.08 76
1542 Rabbit1542 8 40.22 277
1543 Rabbit1543 7 19.69 258
1544 Rabbit1544 11 44.14 161
1545 Rabbit1545 14 36.22 277
1546 Rabbit1546 3 47.48 249
1547 Rabbit1547 5 44.03 346
1548 Rabbit1548 14 25.44 71
1549 Rabbit1549 12 24.99 48
1550 Rabbit1550 13 11.7 354
1551 Rabbit1551 3 20.98 215
1552 Rabbit1552 11 44.41 361
1553 Rabbit1553 14 49.32 102
1554 Rabbit1554 15 28.45 193
1555 Rabbit1555 14 41.99 249
1556 Rabbit1556 9 31.32 331
1557 Rabbit1557 4 35.55 138
1558 Rabbit1558 3 23.91 64
1559 Rabbit1559 6 11.17 80
1560 Rabbit1560 12 39.08 200
1561 Rabbit1561 4 31.22 327
1562 Rabbit1562 5 18.91 240
1563 Rabbit1563 4 13.0 247
1564 Rabbit1564 5 42.09 163
1565 Rabbit1565 7 18.48 2
1566 Rabbit1566 12 11.82 16
1567 Rabbit1567 11 29.3 370
1568 Rabbit1568 8 20.59 376
1569 Rabbit1569 12 12.75 237
1570 Rabbit1570 3 38.87 305
1571 Rabbit1571 5 47.54 121
1572 Rabbit1572 8 44.51 265
1573 Rabbit1573 9 31.45 330
1574 Rabbit1574 3 29.4 36
1575 Rabbit1575 9 46.34 255
1576 Rabbit1576 15 14.36 349
1577 Rabbit1577 8 22.88 131
1578 Rabbit1578 11 28.58 326
1579 Rabbit1579 1 43.44 177
1580 Rabbit1580 8 17.66 25
1581 Rabbit1581 4 48.73 19
1582 Rabbit1582 10 24.96 394
1583 Rabbit1583 14 46.02 1
1584 Rabbit1584 1 25.16 43
1585 Rabbit1585 8 42.68 17
1586 Rabbit1586 15 28.2 294
1587 Rabbit1587 12 49.1 26
1588 Rabbit1588 2 37.45 35
1589 Rabbit1589 6 15.75 119
1590 Rabbit1590 10 45.38 102
1591 Rabbit1591 2 37.3 217
1592 Rabbit1592 6 12.92 366
1593 Rabbit1593 14 19.01 238
1594 Rabbit1594 15 44.42 99
1595 Rabbit1595 4 47.4 103
1596 Rabbit1596 5 18.3 61
1597 Rabbit1597 3 37.08 346
1598 Rabbit1598 12 16.53 397
1599 Rabbit1599 3 24.0 13
1600 Rabbit1600 13 23.57 174
1601 Rabbit1601 9 23.71 137
1602 Rabbit1602 11 20.24 34
1603 Rabbit1603 13 13.19 137
1604 Rabbit1604 14 27.46 215
1605 Rabbit1605 14 22.53 111
1606 Rabbit1606 5 43.95 335
1607 Rabbit1607 1 42.96 184
1608 Rabbit1608 8 34.13 138
1609 Rabbit1609 1 23.99 388
1610 Rabbit1610 6 35.4 321
1611 Rabbit1611 8 37.85 138
1612 Rabbit1612 2 10.57 312
1613 Rabbit1613 6 22.41 35
1614 Rabbit1614 6 14.76 379
1615 Rabbit1615 6 27.35 64
1616 Rabbit1616 8 41.82 199
1617 Rabbit1617 2 13.45 207
1618 Rabbit1618 13 30.92 392
1619 Rabbit1619 3 42.41 392
1620 Rabbit1620 4 28.74 165
1621 Rabbit1621 11 38.62 223
1622 Rabbit1622 1 10.47 395
1623 Rabbit1623 1 34.08 40
1624 Rabbit1624 14 48.27 402
1625 Rabbit1625 5 20.32 308
1626 Rabbit1626 7 48.81 20
1627 Rabbit1627 1 49.49 284
1628 Rabbit1628 15 49.53 138
1629 Rabbit1629 6 26.49 72
1630 Rabbit1630 2 21.47 120
1631 Rabbit1631 11 47.03 288
1632 Rabbit1632 7 27.64 92
1633 Rabbit1633 4 19.36 369
1634 Rabbit1634 4 30.7 193
1635 Rabbit1635 2 39.77 207
1636 Rabbit1636 8 28.87 181
1637 Rabbit1637 13 10.85 56
1638 Rabbit1638 12 28.33 71
1639 Rabbit1639 11 33.75 255
1640 Rabbit1640 6 21.2 373
1641 Rabbit1641 3 42.2 195
1642 Rabbit1642 5 25.92 183
1643 Rabbit1643 12 28.27 40
1644 Rabbit1644 5 21.44 22
1645 Rabbit1645 14 33.48 298
1646 Rabbit1646 1 35.79 350
1647 Rabbit1647 11 42.2 5
1648 Rabbit1648 1 47.21 144
1649 Rabbit1649 11 15.24 183
1650 Rabbit1650 13 49.91 135
1651 Rabbit1651 10 29.75 143
1652 Rabbit1652 15 28.39 361
1653 Rabbit1653 8 20.65 153
1654 Rabbit1654 4 18.46 233
1655 Rabbit1655 2 27.59 108
1656 Rabbit1656 5 37.31 361
1657 Rabbit1657 13 21.4 152
1658 Rabbit1658 7 29.97 268
1659 Rabbit1659 2 29.88 328
1660 Rabbit1660 12 30.55 229
1661 Rabbit1661 6 36.01 337
1662 Rabbit1662 14 16.32 246
1663 Rabbit1663 2 23.53 10
1664 Rabbit1664 10 41.76 38
1665 Rabbit1665 12 21.69 353
1666 Rabbit1666 1 11.25 295
1667 Rabbit1667 12 44.5 8
1668 Rabbit1668 6 37.11 366
1669 Rabbit1669 9 38.05 372
1670 Rabbit1670 13 24.92 331
1671 Rabbit1671 9 37.72 3
1672 Rabbit1672 7 39.58 333
1673 Rabbit1673 4 37.4 21
1674 Rabbit1674 4 20.07 365
1675 Rabbit1675 8 24.46 370
1676 Rabbit1676 11 26.66 159
1677 Rabbit1677 7 23.12 157
1678 Rabbit1678 5 27.41 160
1679 Rabbit1679 13 12.6 308
1680 Rabbit1680 1 11.79 250
1681 Rabbit1681 1 24.22 83
1682 Rabbit1682 13 18.89 418
1683 Rabbit1683 12 10.84 245
1684 Rabbit1684 1 34.87 275
1685 Rabbit1685 12 12.47 57
1686 Rabbit1686 4 43.96 194
1687 Rabbit1687 12 47.85 181
1688 Rabbit1688 12 10.64 150
1689 Rabbit1689 7 24.76 99
1690 Rabbit1690 2 12.31 34
1691 Rabbit1691 12 31.82 71
1692 Rabbit1692 10 10.48 159
1693 Rabbit1693 1 30.87 67
1694 Rabbit1694 15 33.68 396
1695 Rabbit1695 9 44.0 118
1696 Rabbit1696 11 35.16 19
1697 Rabbit1697 6 41.41 56
1698 Rabbit1698 10 41.37 245
1699 Rabbit1699 10 30.63 214
1700 Rabbit1700 14 39.68 62
1701 Rabbit1701 5 13.75 78
1702 Rabbit1702 12 37.79 414
1703 Rabbit1703 12 20.51 329
1704 Rabbit1704 9 15.32 58
1705 Rabbit1705 11 21.89 273
1706 Rabbit1706 13 42.95 313
1707 Rabbit1707 2 25.15 411
1708 Rabbit1708 14 40.78 392
1709 Rabbit1709 3 14.64 9
1710 Rabbit1710 8 16.13 308
1711 Rabbit1711 15 10.44 56
1712 Rabbit1712 3 41.42 108
1713 Rabbit1713 1 12.93 166
1714 Rabbit1714 12 10.14 307
1715 Rabbit1715 14 42.39 277
1716 Rabbit1716 6 29.23 343
1717 Rabbit1717 6 39.96 15
1718 Rabbit1718 10 37.32 144
1719 Rabbit1719 3 43.25 89
1720 Rabbit1720 13 48.04 65
1721 Rabbit1721 6 42.92 389
1722 Rabbit1722 14 14.79 337
1723 Rabbit1723 15 39.38 135
1724 Rabbit1724 12 28.39 192
1725 Rabbit1725 8 29.01 26
1726 Rabbit1726 4 40.95 140
1727 Rabbit1727 5 24.96 227
1728 Rabbit1728 12 29.03 20
1729 Rabbit1729 8 42.45 367
1730 Rabbit1730 8 19.01 283
1731 Rabbit1731 3 49.56 8
1732 Rabbit1732 1 34.93 156
1733 Rabbit1733 5 40.31 370
1734 Rabbit1734 15 46.43 156
1735 Rabbit1735 5 39.13 324
1736 Rabbit1736 1 13.75 183
1737 Rabbit1737 12 18.3 157
1738 Rabbit1738 10 27.55 418
1739 Rabbit1739 12 14.23 65
1740 Rabbit1740 1 32.06 342
1741 Rabbit1741 7 14.65 127
1742 Rabbit1742 15 23.98 319
1743 Rabbit1743 2 37.73 351
1744 Rabbit1744 15 27.86 219
1745 Rabbit1745 15 27.13 288
1746 Rabbit1746 8 22.74 229
1747 Rabbit1747 11 36.9 306
1748 Rabbit1748 1 26.23 330
1749 Rabbit1749 14 12.12 326
1750 Rabbit1750 8 39.67 174
1751 Rabbit1751 1 32.18 114
1752 Rabbit1752 1 37.43 19
1753 Rabbit1753 2 28.66 368
1754 Rabbit1754 14 46.53 135
1755 Rabbit1755 13 24.79 44
1756 Rabbit1756 6 32.52 411
1757 Rabbit1757 2 34.9 111
1758 Rabbit1758 7 26.28 265
1759 Rabbit1759 9 30.22 169
1760 Rabbit1760 5 19.87 8
1761 Rabbit1761 15 12.07 105
1762 Rabbit1762 3 19.67 137
1763 Rabbit1763 13 15.68 280
1764 Rabbit1764 12 11.99 73
1765 Rabbit1765 1 12.13 29
1766 Rabbit1766 13 44.82 25
1767 Rabbit1767 14 32.41 178
1768 Rabbit1768 8 36.81 386
1769 Rabbit1769 14 26.32 171
1770 Rabbit1770 8 13.42 208
1771 Rabbit1771 13 44.38 343
1772 Rabbit1772 14 31.03 333
1773 Rabbit1773 15 21.2 292
1774 Rabbit1774 8 25.97 102
1775 Rabbit1775 4 29.07 317
1776 Rabbit1776 6 24.75 1
1777 Rabbit1777 10 27.7 356
1778 Rabbit1778 15 36.53 233
1779 Rabbit1779 3 29.64 255
1780 Rabbit1780 13 21.18 314
1781 Rabbit1781 7 26.12 410
1782 Rabbit1782 3 19.63 145
1783 Rabbit1783 13 32.67 1
1784 Rabbit1784 9 15.22 294
1785 Rabbit1785 13 30.59 161
1786 Rabbit1786 12 40.44 145
1787 Rabbit1787 12 11.2 318
1788 Rabbit1788 5 16.75 396
1789 Rabbit1789 1 29.86 407
1790 Rabbit1790 4 35.19 222
1791 Rabbit1791 4 34.19 133
1792 Rabbit1792 6 41.24 138
1793 Rabbit1793 15 14.1 372
1794 Rabbit1794 2 16.03 340
1795 Rabbit1795 9 23.82 154
1796 Rabbit1796 14 18.49 30
1797 Rabbit1797 11 43.36 251
1798 Rabbit1798 14 25.21 345
1799 Rabbit1799 4 14.79 411
1800 Rabbit1800 6 16.16 321
1801 Rabbit1801 12 10.6 215
1802 Rabbit1802 13 47.91 98
1803 Rabbit1803 6 48.03 59
1804 Rabbit1804 4 26.51 348
1805 Rabbit1805 10 33.97 342
1806 Rabbit1806 5 46.39 8
1807 Rabbit1807 15 28.17 363
1808 Rabbit1808 2 24.63 226
1809 Rabbit1809 1 20.31 173
1810 Rabbit1810 5 32.28 42
1811 Rabbit1811 7 34.9 367
1812 Rabbit1812 14 20.96 272
1813 Rabbit1813 10 49.56 208
1814 Rabbit1814 12 37.41 68
1815 Rabbit1815 9 20.04 41
1816 Rabbit1816 13 39.67 17
1817 Rabbit1817 10 16.82 326
1818 Rabbit1818 12 24.98 36
1819 Rabbit1819 3 27.92 450
1820 Rabbit1820 9 26.75 438
1821 Rabbit1821 3 16.03 199
1822 Rabbit1822 5 30.7 132
1823 Rabbit1823 7 27.02 41
1824 Rabbit1824 6 22.82 357
1825 Rabbit1825 12 27.43 416
1826 Rabbit1826 4 41.39 86
1827 Rabbit1827 14 41.46 85
1828 Rabbit1828 14 48.76 316
1829 Rabbit1829 1 36.79 71
1830 Rabbit1830 6 23.47 448
1831 Rabbit1831 6 42.94 375
1832 Rabbit1832 13 21.88 99
1833 Rabbit1833 5 23.03 195
1834 Rabbit1834 15 26.56 327
1835 Rabbit1835 15 13.12 83
1836 Rabbit1836 4 43.67 102
1837 Rabbit1837 11 24.33 192
1838 Rabbit1838 2 22.43 2
1839 Rabbit1839 12 16.01 312
1840 Rabbit1840 15 12.55 30
1841 Rabbit1841 13 25.34 277
1842 Rabbit1842 2 32.15 201
1843 Rabbit1843 2 11.07 384
1844 Rabbit1844 3 41.74 385
1845 Rabbit1845 14 26.47 368
1846 Rabbit1846 2 48.66 160
1847 Rabbit1847 12 21.75 364
1848 Rabbit1848 10 28.71 126
1849 Rabbit1849 11 25.01 365
1850 Rabbit1850 1 18.9 461
1851 Rabbit1851 1 23.94 378
1852 Rabbit1852 2 27.94 30
1853 Rabbit1853 3 16.97 331
1854 Rabbit1854 11 31.39 351
1855 Rabbit1855 13 48.82 277
1856 Rabbit1856 14 23.57 413
1857 Rabbit1857 10 36.6 284
1858 Rabbit1858 13 30.32 397
1859 Rabbit1859 9 18.13 153
1860 Rabbit1860 1 26.81 438
1861 Rabbit1861 14 30.01 353
1862 Rabbit1862 2 47.96 18
1863 Rabbit1863 6 41.38 77
1864 Rabbit1864 14 38.63 341
1865 Rabbit1865 7 41.93 358
1866 Rabbit1866 10 22.56 413
1867 Rabbit1867 13 47.99 93
1868 Rabbit1868 5 42.22 135
1869 Rabbit1869 15 41.87 133
1870 Rabbit1870 15 30.93 188
1871 Rabbit1871 14 17.33 40
1872 Rabbit1872 13 13.05 22
1873 Rabbit1873 2 26.75 2
1874 Rabbit1874 11 14.83 250
1875 Rabbit1875 3 37.21 239
1876 Rabbit1876 7 31.51 376
1877 Rabbit1877 8 26.61 343
1878 Rabbit1878 6 11.3 284
1879 Rabbit1879 15 15.83 268
1880 Rabbit1880 4 22.1 433
1881 Rabbit1881 7 14.06 16
1882 Rabbit1882 3 33.68 307
1883 Rabbit1883 5 49.8 150
1884 Rabbit1884 2 41.86 390
1885 Rabbit1885 14 36.16 328
1886 Rabbit1886 10 20.37 97
1887 Rabbit1887 2 30.69 153
1888 Rabbit1888 9 41.93 425
1889 Rabbit1889 5 46.17 48
1890 Rabbit1890 7 44.23 454
1891 Rabbit1891 6 44.81 465
1892 Rabbit1892 11 29.38 212
1893 Rabbit1893 5 34.24 471
1894 Rabbit1894 13 35.79 189
1895 Rabbit1895 4 41.51 296
1896 Rabbit1896 9 41.33 132
1897 Rabbit1897 10 48.44 278
1898 Rabbit1898 5 42.78 414
1899 Rabbit1899 15 26.61 233
1900 Rabbit1900 13 29.15 277
1901 Rabbit1901 11 15.47 358
1902 Rabbit1902 1 22.63 378
1903 Rabbit1903 6 44.65 321
1904 Rabbit1904 1 16.63 362
1905 Rabbit1905 2 18.71 340
1906 Rabbit1906 4 13.05 175
1907 Rabbit1907 9 39.67 281
1908 Rabbit1908 10 11.51 226
1909 Rabbit1909 5 27.92 42
1910 Rabbit1910 1 10.14 64
1911 Rabbit1911 6 44.1 376
1912 Rabbit1912 3 24.61 103
1913 Rabbit1913 7 32.9 144
1914 Rabbit1914 3 29.62 430
1915 Rabbit1915 12 28.22 315
1916 Rabbit1916 11 48.81 110
1917 Rabbit1917 2 11.89 14
1918 Rabbit1918 4 12.88 427
1919 Rabbit1919 10 19.48 342
1920 Rabbit1920 8 44.91 241
1921 Rabbit1921 14 44.9 136
1922 Rabbit1922 1 40.57 348
1923 Rabbit1923 12 27.88 425
1924 Rabbit1924 15 42.38 415
1925 Rabbit1925 6 46.71 228
1926 Rabbit1926 10 41.05 357
1927 Rabbit1927 6 35.58 167
1928 Rabbit1928 2 22.55 87
1929 Rabbit1929 14 29.54 196
1930 Rabbit1930 1 44.0 52
1931 Rabbit1931 3 27.35 377
1932 Rabbit1932 4 22.4 106
1933 Rabbit1933 7 19.97 62
1934 Rabbit1934 10 21.48 409
1935 Rabbit1935 9 26.37 47
1936 Rabbit1936 13 13.28 57
1937 Rabbit1937 11 14.58 25
1938 Rabbit1938 2 48.04 317
1939 Rabbit1939 13 45.63 48
1940 Rabbit1940 9 48.75 349
1941 Rabbit1941 3 21.8 215
1942 Rabbit1942 13 33.36 99
1943 Rabbit1943 14 25.34 81
1944 Rabbit1944 13 14.46 217
1945 Rabbit1945 4 21.91 480
1946 Rabbit1946 10 43.61 286
1947 Rabbit1947 10 41.59 19
1948 Rabbit1948 3 46.83 155
1949 Rabbit1949 5 43.24 419
1950 Rabbit1950 15 43.13 149
1951 Rabbit1951 8 45.06 378
1952 Rabbit1952 2 38.77 31
1953 Rabbit1953 14 13.91 99
1954 Rabbit1954 9 37.19 326
1955 Rabbit1955 10 40.55 97
1956 Rabbit1956 14 26.06 450
1957 Rabbit1957 9 44.18 184
1958 Rabbit1958 10 21.63 24
1959 Rabbit1959 3 33.12 74
1960 Rabbit1960 12 10.7 48
1961 Rabbit1961 4 19.53 340
1962 Rabbit1962 1 12.08 65
1963 Rabbit1963 15 10.02 14
1964 Rabbit1964 9 11.3 258
1965 Rabbit1965 14 15.56 40
1966 Rabbit1966 10 46.19 220
1967 Rabbit1967 5 34.1 157
1968 Rabbit1968 15 12.4 155
1969 Rabbit1969 8 32.47 487
1970 Rabbit1970 11 28.89 52
1971 Rabbit1971 11 47.17 425
1972 Rabbit1972 4 48.83 85
1973 Rabbit1973 7 43.26 154
1974 Rabbit1974 10 18.46 356
1975 Rabbit1975 5 41.25 148
1976 Rabbit1976 15 19.44 34
1977 Rabbit1977 2 13.45 208
1978 Rabbit1978 13 48.9 51
1979 Rabbit1979 8 37.08 44
1980 Rabbit1980 2 25.49 28
1981 Rabbit1981 12 29.04 419
1982 Rabbit1982 3 22.58 305
1983 Rabbit1983 4 12.12 209
1984 Rabbit1984 11 28.12 327
1985 Rabbit1985 5 11.13 399
1986 Rabbit1986 1 26.84 201
1987 Rabbit1987 12 34.33 143
1988 Rabbit1988 1 22.06 465
1989 Rabbit1989 5 16.33 278
1990 Rabbit1990 2 49.27 380
1991 Rabbit1991 6 33.98 338
1992 Rabbit1992 8 48.82 135
1993 Rabbit1993 15 47.12 487
1994 Rabbit1994 2 12.7 335
1995 Rabbit1995 2 21.71 274
1996 Rabbit1996 13 30.71 260
1997 Rabbit1997 10 37.5 67
1998 Rabbit1998 11 25.1 33
1999 Rabbit1999 7 31.64 288
2000 Rabbit2000 8 18.13 256
